.Random.seed <-
c(403L, 10L, 1852946015L, -793000395L, 1813767628L, 1218929954L, 
-1909731459L, -1666980745L, -1262855778L, -1933619112L, -250327621L, 
-22092967L, -1802465048L, -1513017066L, -1505766767L, -2105565373L, 
-214173102L, -378303260L, -899246297L, -860744835L, 617211508L, 
-798992294L, -2069487451L, -211123521L, -521316026L, 486731728L, 
282716659L, 956990737L, -1353244352L, -482995938L, 1587160553L, 
63612699L, 555569450L, 1584515660L, -561277425L, 1597831493L, 
254272252L, -1030973102L, 1021783757L, -810285433L, 1558679918L, 
-429364408L, -886853813L, 785217193L, 620514296L, 1721103142L, 
-1608272831L, 1426838995L, -1637329022L, -2024334412L, 2106749751L, 
688656941L, 1830949700L, -1012631446L, -1680104747L, -1428366225L, 
-1404447370L, -1858576736L, 1817205603L, 8957953L, -2131764368L, 
1010045710L, 127626617L, -1176024821L, -1623279046L, 2071359804L, 
-530293121L, 1756743125L, -337036308L, 1321319746L, 420659869L, 
-1430884585L, -301232514L, 466824760L, 193141019L, 2086780537L, 
1807383240L, 1711975158L, -1611259087L, -39881885L, -971224782L, 
877902468L, 1491605191L, -2122097251L, -1545914092L, 184113082L, 
-2098855419L, 1614664671L, 1376791142L, 1529816560L, -2087394541L, 
93834417L, -1573204128L, 1117867262L, 1991134345L, 1050667963L, 
32032138L, -843332500L, -571875857L, 673732133L, -1906576676L, 
-854742862L, -1236178003L, 345976679L, -491029362L, -2108688024L, 
256485739L, -2070598903L, 1036975512L, -246518586L, 944436769L, 
27743923L, 1857682466L, -833649132L, 901577367L, 89273485L, 221854116L, 
34284426L, -1705242635L, -1053622705L, -1089730218L, 2047685632L, 
-348668605L, 75411681L, -745813424L, 1801483950L, 582402649L, 
-682595733L, -1126637606L, 1244143772L, -110767457L, -1088945931L, 
-484308596L, -22240158L, 1211196477L, -73300297L, 1529980254L, 
30174360L, 1669183483L, 304086425L, -671351256L, -1857157418L, 
-1766173871L, -1595967997L, 1326332306L, -1308375260L, -1070913049L, 
-1693809091L, 1639100596L, 1665804058L, 25136229L, 1899201791L, 
1741088134L, 1492622096L, 1108402099L, 400221265L, 1136068608L, 
895031518L, 1087984425L, 1317195483L, -134193686L, -614586996L, 
1491237583L, -1081391483L, -458627780L, 2079762450L, -1501362419L, 
-1829575609L, 2144912942L, 1421291400L, -1608684917L, 1250950249L, 
134635576L, 267856102L, 77779073L, 705947667L, 383549378L, 995919988L, 
1837653623L, 1073168237L, -983318524L, 1992899370L, -1236688747L, 
-1517773009L, -62052810L, 1883439712L, -1745944413L, 215192513L, 
1382932400L, -1315525938L, 1819842617L, 1611734603L, 2123604986L, 
-2136518916L, -483687617L, -731657195L, 1503143724L, -756184062L, 
-1908527395L, 241663447L, 1566791870L, 233868024L, 1376129243L, 
2118718265L, -1300277624L, -1394400714L, -1741096335L, 1096777891L, 
1332693490L, -1364842172L, 746947079L, 1699090397L, 2093373652L, 
-2079840262L, 6152005L, -1028093025L, 1446658342L, -1091325520L, 
1790831187L, -1649912463L, 510932128L, 1986860094L, 182868809L, 
1433504251L, -102896182L, -1012522196L, 734645039L, 412324325L, 
1975098524L, -695408952L, -1641345350L, -1178761072L, 1852697324L, 
2121523796L, -1758894446L, 1690802976L, -1333634100L, 168834272L, 
-850167102L, 300138536L, -1671257172L, 1523487420L, -1993646606L, 
1228975664L, -1034238044L, 1733141944L, -1661008038L, -165197680L, 
-2056592516L, 1032870676L, -43613886L, 641065728L, 163129276L, 
-1574329520L, 1822420258L, 830314056L, -1689540596L, -541620132L, 
1449906642L, -2079804928L, 717551956L, 1548289256L, 2045656314L, 
-2034409776L, -31677140L, -1426110220L, -839365230L, -2079190688L, 
-2107355124L, 708507360L, 1449798242L, -948803928L, 936248908L, 
1051255676L, 1245865266L, 1002436208L, -453342396L, -1747745832L, 
588730234L, -321615312L, -1762333764L, 2114802260L, -314571710L, 
310444192L, -301745476L, -452985392L, 903104354L, 847399656L, 
2143802572L, -846328324L, -1691764238L, 349869696L, 1018795508L, 
1301066376L, 1882562362L, 1286897488L, 845216876L, -24840812L, 
-1827060654L, 1992169952L, 2104192204L, -849106784L, 710805890L, 
-135538456L, 121641708L, 623166780L, -561134478L, 1598917744L, 
2087326756L, -212971464L, -1355259110L, 1450665168L, 1204720444L, 
1959239572L, 682170242L, -1167168064L, 90305084L, 1199077776L, 
1974391330L, 1508871432L, 560423564L, -1960442084L, 1036609682L, 
-856069760L, -1227642348L, 1247142696L, 1473109562L, 226873808L, 
-1172032148L, 141323188L, 1142950930L, 2061670880L, -949822516L, 
-993392416L, -33062878L, -1584853720L, -161108468L, -1728349380L, 
513573874L, -1773248784L, -243916220L, -1637552552L, 673874746L, 
-695737872L, 367488700L, 1980706068L, -204654910L, 2055960672L, 
401446780L, 2056469456L, 1653304610L, 1181419176L, 1270913932L, 
-2118849348L, -174831822L, 527350336L, 448983220L, 682613320L, 
-1604956742L, 1657098768L, -1392904468L, -2027190956L, -685132526L, 
-2056476256L, 932886220L, -1132323232L, 729009090L, 2117495592L, 
-1478153300L, 711884604L, -2104590990L, -168988880L, -1759857372L, 
1795806008L, -1063956774L, -1112237168L, 97520380L, -1278848108L, 
534405186L, -395800320L, 120249404L, -589081264L, 931516578L, 
-1403058872L, 745085708L, -962110756L, 2082546002L, 787556480L, 
-459461548L, -1049881624L, -1601311494L, 1692184400L, 833025836L, 
167501172L, -1427849326L, -826921888L, 865486220L, 188597088L, 
102213090L, -1122495576L, 914610380L, -1096150020L, 1791865266L, 
-638632464L, 924426180L, -1716057768L, 193678714L, 400750512L, 
1990483388L, 1663554644L, -1881700414L, 1041393696L, 1819525308L, 
1093305936L, 93501410L, -1756899224L, -1282811828L, -873372420L, 
1251006450L, -1921057536L, -1241885324L, 727695368L, -1724296262L, 
-338930224L, -1549053972L, 1186817428L, 705880530L, -1015752352L, 
2005424972L, -871059168L, 766117762L, 1658322664L, -1009374996L, 
147884092L, 1412448114L, -1049833872L, -1819362268L, -1409790152L, 
2082258074L, -1177697584L, -962998084L, -1226637676L, -1680609662L, 
-1156742976L, -30103748L, -1582600048L, -1445986782L, -1586041848L, 
276180236L, -1928807268L, 1385706002L, 273290112L, -696048108L, 
-404718040L, 101039418L, -405180976L, -1175951786L, 1233304291L, 
-787710811L, -478583486L, 2000352048L, 2028525401L, 836762827L, 
1614269756L, 1200048490L, 90325919L, 1366490665L, 387948734L, 
1826716076L, 1853679357L, 415638087L, 1896214832L, 125729358L, 
237527675L, -2143452707L, 1687898122L, 471603496L, 444868497L, 
2091592067L, -1153284476L, -2014907214L, -1812560889L, 2132430929L, 
1443037142L, -1489940812L, -309563707L, -384966641L, -676319096L, 
513577382L, -1844639405L, -949339467L, 1793953810L, -931044896L, 
1690309705L, -1206500741L, 1101335372L, 1249033946L, -2103160113L, 
-272846183L, -330178898L, 1433402300L, -1875229651L, 838077399L, 
1703977504L, -1246977154L, -1895535285L, -324153523L, 14460282L, 
912332728L, 1885621601L, 137593107L, 1144125748L, -1827130558L, 
-1267522729L, 1963303585L, -1339632794L, -480219804L, 1380063381L, 
1814993343L, -356233896L, 843756406L, -2003152509L, 1044747205L, 
-1438955294L, -176100016L, 1784429689L, 751620011L, -1119767268L, 
-980368822L, -1055734209L, -849388919L, -1312489826L, 763288396L, 
1705212701L, 163220135L, -748502576L, -1680742034L, 1804997659L, 
1759886717L, -1265288342L, 1100267016L, -1136430415L, -2097103581L, 
-212693468L, 1852368082L, -81124057L, 456765297L, -1076007498L, 
-152971948L, -1808215067L, -1537798673L, 1022629160L, 439625094L, 
-757759565L, 1216896277L, 736640882L, 1974111168L, -1355604951L, 
1389193371L, 1363735916L, -74519174L, 677486255L, -918075975L, 
1927118L, -1263565028L, -1955613043L, -425855241L, 695368192L, 
-106609570L, -1533065429L, -1426824147L, -2134592358L, 673445976L, 
1824665537L, 454344819L, -1883801196L, 560396322L, -1724846281L, 
330658305L, -1854854394L, -1580468412L, 984615541L, 1475275743L, 
-414240968L, 1551579414L, 943531299L, 1710429925L, 958131970L, 
-325515920L, 1085764889L, -2039804661L, -608924164L, -1402296790L, 
-1501942177L, 1436437993L, 1488080638L, 1145949932L, 803880509L, 
-2101309945L, 729162224L, 1646990L, 302409659L, -1315712611L, 
